95
1 49
1 76
1 83
2 60
2 88
2 94
3 2
3 24
3 39
3 43
3 61
3 85
3 86
4 1
4 40
4 76
5 40
5 61
5 70
5 92
6 35
6 37
6 38
6 40
6 79
6 86
6 92
7 89
7 90
7 93
8 61
9 18
9 36
9 64
9 85
10 14
10 19
10 80
11 3
11 20
11 61
11 83
12 32
12 44
12 65
13 18
13 23
13 44
14 11
14 44
14 70
14 73
14 88
15 20
15 55
15 59
16 38
16 68
16 69
16 84
16 94
17 6
17 9
17 13
17 27
17 87
18 77
18 87
19 22
19 61
19 87
20 9
20 18
20 39
20 64
21 16
21 48
22 4
22 39
22 57
22 84
23 8
23 12
23 20
23 39
23 64
24 16
24 41
24 86
24 88
25 11
25 12
25 16
25 18
25 46
26 6
26 23
26 47
26 79
26 87
26 91
27 59
27 88
28 78
28 91
28 95
29 12
29 16
29 43
29 49
29 69
30 22
30 32
30 80
31 24
31 42
31 90
31 93
32 10
32 19
32 20
32 24
32 27
32 39
32 41
32 49
33 51
34 5
34 7
34 22
34 42
34 53
34 60
34 74
34 81
34 89
34 92
35 16
35 51
35 53
35 93
36 43
37 15
37 45
37 62
38 19
38 45
38 47
38 50
38 67
38 73
39 60
40 10
40 27
40 43
40 61
40 65
41 1
41 47
41 59
41 60
41 62
41 64
41 71
41 92
42 3
42 45
42 51
42 67
43 27
43 45
43 91
43 92
44 18
44 45
44 59
44 67
44 71
44 85
45 11
45 28
46 12
46 64
46 92
47 58
47 73
47 90
48 28
48 29
48 68
48 86
49 1
49 8
49 9
49 10
49 18
49 66
49 88
50 10
50 13
50 22
50 23
50 31
50 41
50 63
50 84
50 86
51 11
51 78
52 4
52 43
52 58
52 73
52 87
53 21
53 34
53 89
54 11
54 23
54 48
54 64
54 68
54 75
54 80
55 3
56 23
56 42
56 76
56 92
57 12
57 29
57 94
57 95
58 1
58 9
58 17
58 18
59 28
59 46
59 48
59 66
59 77
59 83
59 91
60 10
60 36
60 63
60 83
61 6
61 7
61 23
61 46
61 92
62 31
62 75
62 87
63 22
63 64
63 77
64 39
64 41
64 74
64 87
65 1
65 13
65 15
65 30
66 39
66 49
67 3
68 21
68 27
68 32
69 51
69 68
69 79
70 5
70 10
70 11
70 40
70 45
71 14
71 33
71 43
71 45
71 67
72 78
72 93
73 72
73 80
74 51
74 73
75 9
75 21
75 78
76 94
77 10
77 34
77 38
77 48
77 51
77 93
78 53
78 57
79 6
79 46
80 19
80 27
80 46
80 55
80 64
81 31
81 34
81 70
82 1
82 18
82 25
82 41
82 68
82 72
82 95
83 4
83 42
83 56
83 58
83 73
84 16
84 67
84 86
85 10
85 35
85 63
85 75
86 18
86 28
86 30
86 36
86 45
86 69
87 36
88 5
88 57
88 73
89 55
89 74
89 77
90 44
90 56
91 35
92 11
92 18
92 68
92 69
93 14
93 23
93 34
93 43
93 71
93 73
93 75
93 91
94 22
94 48
94 56
94 65
94 76
95 1
95 59
95 82
95 86
