95
1 7
1 40
1 49
1 76
1 83
2 60
2 88
2 94
3 41
3 43
3 61
3 85
3 86
4 27
5 40
5 61
5 70
5 92
6 3
6 35
6 37
6 38
6 40
6 79
6 86
6 92
7 3
7 74
7 89
7 93
8 23
8 61
9 18
9 21
9 64
9 85
10 14
10 19
10 80
11 3
11 20
11 61
11 83
12 26
12 32
12 65
13 18
14 44
14 73
14 88
15 20
15 55
15 59
16 68
16 69
16 84
16 94
17 9
17 13
17 27
17 87
18 77
18 87
18 91
19 9
19 22
19 61
19 64
19 87
20 9
20 18
20 39
20 64
21 8
21 16
21 48
21 65
21 74
22 4
22 39
22 57
22 61
23 3
23 8
23 12
23 20
23 30
23 39
23 64
23 78
23 85
24 16
24 70
24 74
24 86
24 88
25 11
25 12
25 16
25 18
25 46
26 6
26 23
26 47
26 79
26 87
27 59
27 88
28 41
28 78
28 91
28 95
29 12
29 43
29 49
29 69
29 91
30 22
30 80
30 85
31 27
31 42
31 64
31 90
31 93
32 10
32 19
32 20
32 24
32 27
32 39
32 41
32 49
33 13
33 51
34 5
34 7
34 22
34 42
34 53
34 60
34 74
34 92
35 16
35 51
35 77
35 93
36 43
36 51
36 87
37 11
37 15
37 62
38 19
38 45
38 47
38 50
38 67
39 60
40 10
40 27
40 34
40 43
40 61
40 65
41 1
41 43
41 47
41 59
41 60
41 64
41 71
41 89
41 92
42 3
42 51
42 67
43 27
43 45
43 91
44 18
44 52
44 67
44 71
44 85
45 28
46 70
46 86
47 14
47 58
47 73
47 90
48 28
48 29
48 68
48 86
48 93
49 1
49 9
49 10
49 13
49 18
49 29
50 10
50 14
50 22
50 23
50 31
50 63
50 84
51 11
51 43
51 73
52 4
52 43
52 87
53 34
53 89
54 11
54 23
54 48
54 64
54 68
54 75
54 80
55 3
55 52
56 42
56 76
56 92
57 12
57 29
57 95
58 1
58 9
58 17
58 26
59 39
59 44
59 46
59 66
59 77
59 83
59 91
60 10
60 36
60 63
60 83
61 7
61 23
61 92
62 19
62 75
62 85
62 87
63 21
63 59
63 77
64 9
64 39
64 41
64 74
64 87
65 1
65 13
65 15
65 30
66 39
66 49
67 3
67 57
68 21
68 32
68 78
69 51
69 68
69 79
70 5
70 10
70 11
70 40
70 45
71 14
71 33
71 43
71 45
71 67
71 80
72 78
72 93
73 72
73 80
74 73
75 9
75 21
75 24
76 57
76 77
76 94
77 10
77 34
77 38
77 48
77 51
77 93
78 35
78 58
79 6
80 46
80 64
81 31
81 70
82 1
82 18
82 25
82 41
82 61
82 68
82 72
82 95
83 4
83 42
83 56
83 73
84 16
84 19
84 67
84 86
85 10
85 35
85 63
86 14
86 18
86 28
86 30
86 36
86 69
86 70
87 36
88 5
88 57
88 72
88 73
89 60
89 74
89 77
89 91
90 37
90 44
90 56
90 86
91 17
91 35
91 83
92 11
92 18
92 68
92 69
93 14
93 23
93 34
93 43
93 71
93 75
93 91
94 22
94 65
94 76
94 90
95 1
95 59
95 82
95 86
